6949935
26542
41101356
51164101
66093461
20048521
17707636
39861325
1644345
27311909
26699190
41256555
264635
73303401
72789889
61004766
80131643
84373160
82899742
80411868
87557825
94091314
7733466
97814902
81766852
73239930
123548913
124695664
129210849
138613225
147068025
172917154
234095505
259416630
274753744
244653171
218271044
100000013
233522383
227212456
278950948
274333968
157883031
211860361
264692480
8818419
136588219
341206540
111179700
315259569
362639033
455351986
462128752
293237002
491243243
89631646
283865447
380184030
531670163
531670263
374769847
537603866
503737268
543585826
290797096
562609996
562611596
569416521
169899238
166200239
597663806
606075979
584235563
15782010
426860481
597667290
634069504
641522068
663611266
396636347
401950003
679835258
679837882
688489284
688488720
783988077
796851492
796838419
796838136
796841419
332248500
822135706
850654833
656046844
637285593
888773588
782148096
817322151
925872199
559363765
414567283
974741740
671440392
931399847
982851790
983838840
990754255
990494890
688488779
663610057
931398675
104094306
395314733
351675979
994698490
1000130937
941117880
407576148
691008255
299373796
584235776
1017810190
1017553166
867579057
1011783385
1025127304
1035331768
1042330925
1043064299
300015385
641525839
179816218
593941559
493073523
563601022
1061652906
1033291447
1033291716
294766803
51763936
1072468634
1070274007
1069218014
1056931160
83348
1087084182
989859360
3276148
1036325476
1114906832
1084451707
1135199154
1127909261
1155023447
1128031790
873860677
1144106728
1144824466
1027139663
624346790
1202106995
1201104636
1202386675
1015453663
1220754343
983582152
1221841735
1221855486
758130542
1231851170
1064272780
1239263142
1239596235
1239991829
1239511958
308199922
1247772264
1182179679
1262567698
1266139033
1266448763
1271438672
1271343321
744848186
1207759233
1278713128
1281390174
1248930709
1298430188
1249331581
1194259308
295577232
1309974564
1317343908
1298251073
1319149324
1325355919
1327040972
537603049
1298953044
1344722085
1354860163
1343706313
1364243485
1400739710
1377033267
1413256388
1400641295
1400656287
1432457397
1424563062
1882534
1105585726
1448244831
1454527320
1027694577
1478154053
1478764079
1118605275
1498961392
1498251806
1220459224
1516563360
623795340
113515332
1530487939
1215013895
117626690
398525688
1553049711
1463196360
758111025
1298134607
1561465584
456451144
1279071893
1566594611
1353921716
1559510953
1572508301
1572814711
1569334068
1488021724
1364639953
1572668138
648897862
1182750664
1583036759
1205971763
1503840138
1455469518
1597768409
1624225939
1626260355
1628949712
1624243804
160080411
526048124
24941
671461758
402875038
123722097
228076859
1475515422
1557421969
1115020432
119745569
1273288451
1365678712
648898062
370100302
813126103
246194264
1645067231
858623205
1456089477
1561924047
110788815
1206071291
172752183
813122548
94655090
956690111
1363501480
510130992
1642702642
569413619
1624377378
784134776
1102512437
1292801396
1081124046
1642792467
1645088749
1331596416
286969087
606077418
943700361
1542153388
356934200
140925169
302563096
8490
165535713
293283689
1329129046
197469347
1241883256
155939677
1072372425
931398649
1645212141
1164056473
671465096
1164051601
526044168
1019752134
1246283324
1061933456
1404174224
294078170
1027489800
559569631
1630615173
1645227594
896558655
1624026939
543586966
525932625
344925094
497130041
1117222913
679836561
1169416527
1298974406
1479635043
697798163
1035712891
9733258
1618474678
606076270
641522988
1599195232
1213550265
648901617
1240845034
510130546
752070364
1645277452
315913638
1443444322
1645008894
1444041136
1414893546
76630072
1659264115
1253904492
1659491772
1659869338
1661601114
61531831
1183614237
1551932785
1669357341
1670432546
133199099
1674334870
1673089515
1674380703
1689131789
1454315362
850652046
1687080082
24525225
579206
1702712544
640328205
1490595671
1659352373
339699108
1255431719
451628067
1701945712
1264320158
188617195
993676541
1700086217
1702695377
562606501
309656858
1718625420
1716839180
531668619
1716056093
1706297163
1699751624
1744074202
1706309422
1716100761
1746635263
1609538658
1761051306
821321893
1105687219
1609378310
1730696566
1759291288
1126536415
1728863472
1571995392
124135298
468714568
1445192052
517313909
671465276
1597268162
1788407867
1792123203
1787812371
1107599200
1803970536
1804006727
1681665707
1631118053
1672130865
1533212565
1591883376
1832141580
1772696730
1800289271
814170959
1803026850
1779092234
1844435241
1846016139
1741447977
1833445740
1550059874
1846457202
1499471973
1706631441
1818402233
1816760035
1412502777
1850290863
1805767418
1860961179
1894763415
1879810709
1619288738
1670359546
1880150627
1894536079
1673179338
46430379
1908053648
513394231
1802269028
1882379159
1795500806
1688173552
597666497
1701880479
590546657
505306092
1566179970
59257875
1921950775
956581951
1587478536
1918119960
1365801327
1757305199
1616292514
1892558275
1921703279
1106681398
1923452995
1448128618
1891664766
1918471347
960739583
1633194050
1116945702
1691734546
1683261193
278708547
1685345346
1557849112
1362596148
1716645497
1583636729
2430782
1324435271
1931896349
1931914042
1258456128
1917861049
1933292326
716741703
1932177901
1802044118
1961498415
1871009322
1166893423
1946691726
1363365570
1774326637
1820626016
35062490
1948352920
1713688930
1960144812
1994826919
1961559432
1949753098
1875221636
1867590056
1784080760
1993611073
2052898453
1961451244
2023166817
2051752868
2052860237
1997282026
2054926437
2053311391
2055488606
2200000004
1826057349
1943922111
1902700890
2053176430
1815742012
2061254227
2054951647
1712402979
2221576121
2053172715
2221456071
100662
2218961554
2215695308
2222157079
2222174729
2221392033
2019102623
217587351
2219216618
716744001
1910032488
2217510441
2014080287
1880302924
793150943
1979935612
2219522455
2217484112
787182421
2021255540
2208084257
1985346445
1689464276
1320748506
1982935521
2021384769
2219747174
1952015525
671463474
1204746572
2055282292
1051772984
882168503
2220216129
2201921802
2019808821
2220539001
2217457386
2052180367
2220666930
1947317193
829757504
1891450120
2056957632
2052226562
1918493869
2052191968
940280680
598537622
1923538588
1969147937
2029785147
1448051618
2224341075
1792125770
2024206579
2224671254
2224587107
1271441099
2060303644
491247328
648896906
2224766824
2053068910
623789608
2221390627
2012274656
2205690628
1833702576
1999324300
1128535982
1938088052
1643794629
2220362400
2269943618
1626783191
1922157317
2217809309
2269377844
2271942445
1979884678
2036408739
2005835283
2028794170
2272270608
2267793222
2270236051
2269208591
2208405938
2310579970
649045089
2311134916
2310809219
1670795928
2312709972
1698685892
1124311111
2314770097
1674364079
1124439349
2324693211
2340986312
2213737993
2312537194
2342923780
2020952954
2355530870
2358099578
2359090420
2359104538
2274379134
2296880123
1960372285
1879639438
2358243524
2365452737
2377753631
2377765907
2394197625
1526464262
2312296866
2326221357
2407863325
1532019846
2255440190
2408037834
2408225645
2408168991
2408379212
2408637286
2393806832
1248003347
2423848435
2423987348
2424941033
1993581910
2425199053
2425241416
2425251760
2423871498
2425436613
1968240712
2425572541
2425308952
844102368
6480471
2425514881
2425654247
2218090558
1922344948
2012499984
2409901648
2265606642
2410272807
1852487517
1309450338
29044708
26714811
89001597
1927992481
2374055844
289092649
2067243959
497703032
1178971035
1007930316
2431938666
166540505
1308957820
2222470178
2348664554
2231981587
1271536271
2384598379
1667878157
2458065207
2363404421
2469667539
2376253411
2407960501
33
2503988952
2504175588
2504647641
1810236944
2499060303
1500800057
2378607427
2520211492
2520341526
2537176227
2537305068
2477889632
2538121662
2333006154
2479277981
1761184387
2522232611
2551742347
2551758400
2553590647
2554254257
2554621671
2555515482
2551664183
2403063182
2570103006
2568488919
2582554444
2583982648
2585301729
2588290037
2590101289
2599219036
2599596967
2599931358
2439419688
2599525211
2599761420
50
163961356
2586763472
1681513857
2493515822
2620951902
1826091421
2622651070
2224176189
2520251859
2632940000
2633028185
2400137788
2635088758
2635807802
2649561173
1294609268
2653745237
2651769883
2602076823
2665190296
2665379158
2665407616
2651708346
2665335494
2667364634
2669140736
2682738134
2682788535
2682937787
2682720249
2685315459
2687557227
2702755406
2704523604
2718676677
1384821886
1661997595
2718857989
2682471465
2684789828
2719066645
2066738274
2719097672
2719137233
2719102897
2719199500
2719480186
2720453386
2721682762
1701920151
2707248715
2721788140
2722483761
1937788730
1603517403
2723232069
2721651563
1701728254
2725162051
2725312378
2475732851
1106597141
2686892983
2721815602
2728327505
1192917950
2665554233
2725246039
4291093
1702114751
2722763883
2721948678
2730112788
2719227694
1674219603
2739046225
2722730672
2649867028
2740477785
2739209963
2742334596
2719078325
1311798481
1779013085
2649325895
2758420501
1322525454
2273967576
2722330575
2761153319
2719149383
2702660524
2730773488
2758141121
2777253960
2777263970
2779806452
2465521778
1326061197
2796288761
2796377652
2202723173
1062804083
1579170552
2795884675
2798605792
2796476677
2767992867
2814728177
2814768661
1125233447
2443699718
2817396195
2817486645
2506600432
2818205338
2814955200
1326141574
2834097462
2834257543
2834440085
2834241797
1673243224
2839333926
2823163033
2684985222
2852366018
2852766467
2852767412
2850342435
491249714
2796317129
2765929719
2872325343
2872009130
2876797853
2872753281
2873749599
2877277142
2872867661
2887931377
2725911088
2888125341
2825591610
2826098506
2889973427
2826099672
2051268842
2872589024
2894201743
2639992568
2888193660
2556625418
1251122482
2904873724
2893960306
2905008042
2904997531
2693394803
2906713452
2757504224
2667198183
2923556158
2926447322
2906967698
2803194883
2872288959
1524149135
2906881552
2947496978
2948689859
2949021340
2842306303
2585588252
2951330038
1502150976
2947203990
1698707427
2969763474
2969913674
2970102581
2972050840
2738926642
2698009380
2730358170
2992276315
2994646844
2400396155
3011417773
2585422222
2887871923
2990098421
3023114424
3027412622
3011372580
3023652586
3046090913
3046088271
2426893795
3046519337
3048915856
2687627971
2649285984
3065242498
3033140897
2951925873
3067340944
3103071818
3092052890
3103072631
3103190164
3103440026
3103572710
3104611986
3104698664
3104835709
3105029068
3091309175
3103505358
3102825197
3103581551
2964314627
3084365285
3103176501
3110374335
3104075859
3103435634
3120797012
3103091296
2809865645
3137359745
2850038560
1977398204
3137891270
3139638553
3140049888
3137692568
2969851690
2331452555
3120406154
3070356233
3204833056
3144749519
3212629468
3222825754
2910803448
3151279191
3224121330
3240875934
3240873413
3240813724
3241143500
3241066614
3243728779
3115990615
3241125152
2346441855
3262785061
3264680489
3262243888
3211699076
3146826840
3282083382
3264005301
1400965136
3260456474
3243813607
2951970413
2800809062
3300678036
3300009032
2559909509
2800789450
2892766571
2818199160
2800780454
3321158889
3103056018
3358757551
3338077331
3358847333
3358961185
3358829679
3319222039
3360548208
3356087624
3376787745
3376751768
2904918508
3356648248
3394746920
3394761337
3394618209
3394636663
2899958863
3412472586
3356968515
3358561776
3394624356
3432472851
3447083039
3447484174
3447602475
3429428657
3447649029
3447343732
3447724345
3449495271
3449502835
3447621855
3447641701
3465260687
3465263585
3275530638
3483834623
3483624866
3497459076
3013005849
3485729463
3501543995
3501536330
3501323813
3502029803
3501663069
3501316272
3447404839
3482135296
3405956692
3522892603
3521022912
3519732646
3525203097
3535941626
3538659734
3547237491
3542217145
3554094197
3554378250
3517916579
3553992707
3553999407
3540328466
3558119786
2989471427
3567977213
3560538588
3570520242
2490428327
3573791151
3574320077
3484372761
3589721817
3587277476
1569319547
3127152310
3605637321
3604872442
3607173162
3607552069
3605168789
3447489240
3618590391
3622682966
3622565596
3622927927
3622925419
3587680364
3623024519
3393118289
3625198288
3605019239
3625462494
3626002675
3624837150
3605052785
3619798881
3605024714
3642941359
3642350673
3643731248
3644984834
3642938553
3645169713
3642960854
3642382257
3642660546
3340617534
3643645080
3605056324
3447488775
3592823833
3662340789
3662597172
3662605613
3662710014
3662611365
3611926170
2029193318
3663714693
2653673317
3665134658
3666273584
3667668258
1673319679
3682307578
3682376429
3642364078
3647608820
3689646415
3604911198
3065707520
3645964009
3465274815
3657918833
3693692112
3645460672
3702833059
3587579676
3702839354
3702531909
3607449977
3705087074
3705997205
3702961828
3702176764
3631388945
111070209
3483843518
2946716379
3620198958
3706781386
3707898813
2516151216
3609673293
2620809628
3723839319
3723738179
2599833805
3725356332
3726755886
3723859855
3727445754
1699782892
3723905533
3082102322
3662606114
3731457952
3723977793
1674494637
3580788842
3552165521
7274280
3125245066
3644774250
3745864093
3746764009
3745445169
3702842038
3749252032
3750054670
3752140797
3766699732
976739634
3769643611
3769244291
3771659554
3769499653
3772202553
3772244273
3475951195
3748957804
2027469072
2618667753
2599569703
2651551356
2323109441
3795474504
3662868844
3431259535
3815536191
3280509951
3759104490
3567024189
2051959646
3815923205
3807737554
3831087650
3831231341
3831568317
3831770412
1984844849
3831379140
3789946909
3816524487
3727915226
3689863745
3777748848
3839396891
3839409226
3839422711
3839426192
2539284478
2599904658
3834101467
2651466596
3791789051
3360933640
3643143064
3851756122
3852170628
3851859700
3223111641
2923521285
3223046485
3854364875
3856025327
3856127951
3871358718
3871373774
2928528937
3853768001
3851614685
3851587369
3873510166
3873788745
2655747415
2722421984
3890109182
3892360875
3828674463
3908926044
3909090128
2599949519
3912702360
3926243592
3488390184
3815871558
3927933043
3542654814
3912922924
3929714466
3265458632
3946355537
3946486333
3948260793
3969693370
3072246991
3966252855
3947122590
1295194976
3705987423
3983517384
3983639510
3983488089
3984575763
3983497393
3574864734
3591358758
3945430042
4002358790
3628567011
4022812362
3650856377
4021192175
4024242604
4024306796
4024525086
4026247321
4025869131
4026467325
4041308443
4041598505
4041528368
11084014
4060473751
1546788672
4060489866
4060543494
4062433809
3983826179
4003682755
3811056252
3623063902
4079252828
4080850097
1726941628
3944917370
3985984224
3746405939
1942512143
3807573919
2994536858
2667262435
2670451790
1559359179
3592010776
3908918989
3789969568
3769166414
3816284131
3771180383
3690681883
3981740835
4041652233
3985665013
2278544597
3358869018
3102808979
3781705948
3938820698
2599946283
3026580204
1307681073
3301065262
3746206086
3147463762
4097866121
3605024988
1231827782
3831429134
3512615557
4025936216
4099543342
4060711616
4042184920
4116377122
4116494878
4116532193
4116767045
4116780737
4116822619
4116826273
4116762402
4116849839
4116772290
4116862124
3754724731
4205251747
4205264148
4135320119
4116376821
4236351161
4236262229
4228294115
3575028166
4249679409
4249677472
4249691022
4249671893
3831331258
4251705208
4269558977
4273101071
3027987811
4273816307
4249701151
4205847606
3876542647
4296013831
4296107856
4296122684
4296124977
4296150015
4296111611
4302158651
3139309102
1702752552
3790663606
3853628477
4317908520
4317977297
4317983118
4058308911
3625448480
4249680273
3004572996
4339815404
4340029874
4340038052
4340040512
4340043621
4340043999
4340041381
4205787680
4295564425
4340040791
3756096314
3873640691
4340038427
4228517891
4317906088
4370852740
4228331901
4340042854
4404934289
4405074770
4317973916
4041307410
4425611273
4425608962
4425616619
4391349963
3540220229
4447471027
4447413537
4228335624
4469137964
4469169154
4469167001
4469166733
4469172725
3754303128
4425639065
2117756
4301215642
4490445746
4490445836
4490467613
2591622000
2539415890
4490472689
4490493385
1968663099
4320538220
4249630802
4447318923
4384186134
4516500264
4516535034
3447642362
4523088782
4155341248
4541759794
4541790780
4541804944
4541787096
4541768325
4340449467
4432897813
4563382863
4563369398
4568085719
4425599577
4384180062
4563371006
4273020711
4582585237
4582762962
4582775519
4582781475
4466320186
4466323298
4585354467
4585360436
4585365165
4585365744
4585382133
4587883199
3657588857
3070756166
1735740103
3755378015
4340046506
4516534211
4625970675
4625963934
4585367075
4585366279
3968157688
3949155963
4625962036
4606306904
4645689685
4645682542
2801382577
4490500754
4516499171
4665535453
4625977934
4665548889
3376782931
4671353398
2649158402
4228353985
4228331652
4645690063
4466325768
4097892636
4340055196
13609336
4674378900
4685117594
2538888677
4673835862
2428197269
4249656393
4686877035
3447493639
3816449533
4215004983
4484836247
4135618187
28338970
4687338101
3622967916
4687485849
4687503865
144030
4687523345
4687518155
3572702904
2998904477
4687545491
4687551734
564027
4687550929
4687553660
3850079909
4687684020
4687563992
4687528675
3570539023
4340048148
4469206000
3811204626
4687549151
4668245966
4709365961
4709323276
4709322958
2972604713
4709341203
4712802452
4516559133
3987359814
2800960462
2520277931
4116822066
2906611381
4684817647
4730847584
4730899440
4730908900
4730923339
2455767881
4709373170
4730926597
4730921837
4730918031
4205783800
3210216090
4381513462
3103058479
4741162612
4686442719
4754186738
4247383645
4754203888
4780251837
4780253501
4780276044
4758023641
3573339741
4780309697
4780312729
4780304106
43757224
4780326296
2416636
4780323887
4688882271
4688891004
4688895711
4688898943
4688901268
4780327296
4780327713
4780328848
3589945929
4780325669
2530773121
2622941971
4800791023
3011384835
4754207738
4750437592
4830989155
3631454124
3572294970
4404929260
3570405222
4860818931
4854939700
4854957062
4854966582
4855015483
2283279593
4857615472
4797907446
4857796155
4563332481
4876933108
4362231285
3605135710
3574809109
4880923306
4854972796
3103698724
4800791739
3572384270
4800439019
4730890492
2014329581
4830391320
4205593742
4687554325
4225451746
3630032072
1698540763
2431098880
3055790635
4880539230
3751744478
4754196951
4490550460
2284059
3711027321
4884563028
2724777611
4449375470
4932452223
4932630724
1452408125
3702941367
4803873896
4942820492
3789907465
3628102879
3558229098
4754188063
4709300986
3501321855
4907503535
4957726864
4810755516
4953857458
4953883314
4953888809
4955623892
4563371623
3625081003
4228332479
4907507845
4135169597
4205719200
4800752687
3570277436
5555903
3491989227
3625454023
3570764360
3650976517
3497557402
4982311662
4982340775
2939956999
4982345184
4975258423
3491192504
4982362183
3527932171
4982393465
1670576812
2896907866
4932356067
4665388579
4892123619
1454414077
5008048703
4982311018
4987810960
4982392941
4988374850
2967109185
4985651873
3665402500
5005398078
4588606226
5005414095
4282337313
5005411366
5005412492
5005414759
3571215596
3498726891
5007448868
3570337257
4469212922
5026419982
4800735108
4935823617
3618548290
5005407280
50245955
4516359483
4490481379
5097932998
5046946737
5087938656
5090210956
4982342950
5111306659
5111124866
4609150784
4990582715
5143673049
5090244757
5111301980
3241908772
5164713643
5161314683
5230368714
5230364715
3587752926
3983419073
5184886695
3624933695
5184881891
3358827526
4340036973
3816179443
2913995920
3623419627
5237836109
4826883428
5238169957
4645460548
5068139295
5277509260
5294948079
4907512568
5277774130
2599837747
4690417977
4643359357
4490476620
4370907393
4586933164
5277540719
4800760437
5005418909
2024803787
5140821847
5463767188
5461672856
5461671673
5461659457
5461628931
4907217754
5461663820
5185187924
5163963958
5348780985
5461725313
5005422190
1288775945
1901389746
4645889688
5539337717
5539375292
4670782278
5539381811
4646396315
4800756768
4730920336
5549859497
4692645448
5300276109
4717621075
4258340311
5565622639
5565618505
5565631873
5514156206
5116026013
5565626543
5565627354
5539391305
5593245020
5277542708
4988474074
5565626461
4783436450
5514159548
5615504815
4650323850
4487570338
5635771282
5638559816
5638895959
5613082813
5618421860
5206367370
4252061287
5619442953
5620319115
5618677123
5618340729
3766140895
41214430
5323926155
4202243748
4628189070
5644968211
3927726569
5321972652
5026405566
4116817221
5644195689
5005358605
5644661055
5636046419
5662981201
5638972559
4782799233
5665746991
5592100360
5640188378
5594740722
5514124346
2956388285
5662992275
5662992480
5277538676
3103077438
4903090547
5663089716
5690194757
5669004628
5046008802
5046981541
2216977558
3706048164
5712697658
5712815132
5712808289
5565618817
5540764670
5487912054
5740546491
5765720969
5765735725
4228329628
5565664268
3682206987
5790626479
5790837762
5790830360
2088836
2549800464
5790827446
2816380205
5277578771
5615937408
5816641821
5816620421
5816629841
5816623107
5790830032
4251847149
5847274380
3585941673
5869255252
6015266629
6025934755
6002803042
6000007239
5869256095
5869259035
5869251415
6052511694
3485396906
6048780647
6028753709
6048778329
5514151466
2887765319
5816633470
4647960173
1980124755
6052509676
6052516398
6052757768
6052974640
6053016050
6053788079
81474034
6052530330
4648082403
6055790192
6056106906
128443638
6068853928
6064814504
6081031356
6081840303
6082730978
6084458991
4670557231
6084900874
4646377264
6025346879
5684822089
6085258670
6082089475
6093250065
4667951240
4928608519
4665677841
604103186
6089012496
6088581849
6088337625
48512613
6084563947
4674456255
6085039226
4692295598
6110896366
5755588894
6110925144
6110902411
6089111902
5283218202
6110903060
6110900874
6110892168
6118105648
6113937835
6141631986
6141652387
5459030985
6110910198
5539381298
6141677437
6120478566
6110772000
3590624133
6174298706
6178799839
6173877859
4928955381
6141660715
6186434708
4667778257
6186032444
6173905524
4921190295
6201734406
6141662619
38446110
3017087
4258250205
6206004081
2020402
6206015334
6206004188
5867324077
6206010597
5412907446
6206007726
3662685197
6181629968
6206019257
6206036955
5150339561
4673925070
13384649
5662626710
7005923111
6233283821
2800846130
6213615931
5794584612
7043128643
4298928626
7037601103
6206002356
6209686094
7068256391
7072616424
7072611466
7072648970
7072588101
7072629230
5648859661
7106224057
7106233197
1540979243
7106235608
1434611
3702417569
21023558
73561024
4384138270
4733584246
7052685524
4665839849
4666036067
7140305072
87525045
7140313130
7140305205
7140321561
7140309729
7140318209
7140297370
7140325578
7140314722
4667709516
7140320588
3423123307
7140330520
7141556367
7140310463
7140327769
7149393712
3814071185
1774700048
4405247044
7174397457
4255179019
7174396165
7174347320
7174386035
7174442535
7174458099
7174434703
7174447991
7174369840
3574944860
7174384087
7174391094
4687342656
7174403932
7174389676
3570381920
4730752275
4739833792
7174205022
4735845789
7140323032
7206836527
7207017502
7207106169
7182173926
7206942135
7207136229
4667942774
6168394358
7174400840
7233937505
4469190829
7242183801
7238265563
7206845924
7270137612
7241435403
7269889772
7206903022
7269913763
7273565212
6169837307
4648077871
7300344382
7300516492
7270155204
7303732006
7328959116
7329002687
7328979559
7328978351
7328993451
7328963867
7328968802
7311141169
7329014419
7329011165
6202799008
7357600474
7329030340
7360332157
7361237358
6180321436
6110763574
7174399126
7384329932
7384800374
7384802048
7384805420
7384827213
7385363101
7385491146
5514152020
7148503711
7414547914
4668360562
7438495034
7438497941
7438505121
7438495687
6193298875
7438492162
7438495239
7438493339
3431727727
7438494849
4864774365
7466936266
7467499425
7059264450
4384182339
7415546933
7492699973
4800763383
7492869391
7328747770
2496923595
7492860318
17740366
7492869440
6206010298
7051627933
3889771340
2887932205
7174425967
7520634993
7520627539
7174390277
7052072089
5822199429
7574081466
7574074017
1184845
7574112212
7574094753
7574080871
7599901382
7599911804
3554266647
7520611784
7034601050
7599916397
7600032156
7600073976
5005422365
7599927243
7600074183
7600103053
7186804783
7601105489
7601097532
4643461652
7600093298
7605442178
7600121073
7627402060
7546754399
7652851838
2853049577
7656143746
7656312138
7656309664
7656052252
7600097686
7656316163
7684978624
7685009523
7684988560
7685000915
7656309455
7684979362
5301983242
7684930450
7684996428
5539375698
7688570059
7523966439
7684980865
796839266
1145309824
269034447
1992848808
2389876715
2365210471
2393698917
2317281910
4108667
983570029
2589796337
2517220660
2739664661
2622581030
2726840861
2218362988
2738985743
3065585771
3103066496
3140039172
3241170022
3570937775
2599603442
2702482834
2655724554
3408794795
3589604498
3607125531
3625177750
3625235694
3574783328
3371367539
3662592989
3319870411
3730395041
3890347507
39876101
269845732
925730753
942245165
1155608624
1279871910
1287822003
1432487547
1078841
1595225304
1609437920
1137987181
1219489293
975469993
1018378427
1354819268
1114780684
1453730866
224142281
1487919348
3992693
1583126956
1626305657
1829118241
1907699260
1907810803
1907804051
2231221
2053275091
2055029787
2052869792
2055371955
1814337784
2220221368
2052581041
2219661162
2220285488
1788007624
1561274385
1893522417
1985292225
1557183224
2377791452
2314530087
2540283037
2636948411
957765952
2245483
3243054921
3262892825
3465270995
3617978804
3839437092
3839431068
3839453270
1628829780
3702832553
4430922618
4690848863
4824144834
5073485183
5073477159
5031339024
5005443564
5436419174
5565424810
6110900148
2632257703
33067469
7210880
258039396
278167270
377987375
1498062200
20875742
2054754344
2425137624
2275063830
1096235428
1897866842
2551537676
4121348958
4541793423
1204582315
29373363
1113299
1476940105
3915839850
4593024118
4593032821
5229882348
5514169567
5517650476
2053314338
3447631062
21557