467919920
3771847752
420124805
22306125
92501615
27669062
55409247
477568691
30685306
8174580
155639345
178724273
61052512
10594855
189252265
33679472
792733
7492346
644285535
6891908
1705009464
548860564
94293669
3807075163
83093519
29819622
324390732
320762520
192744080
2809952122
18659509
74972628
78705381
30931086
5205231
28638922
612441167
2825905714
104994615
4338714
14696452
20447902
25461577
1701588642
568252372
38162374
630810
17258879
9569147
18486567
9540410
5068683264
46522586
4402987
31323231
51645737
5000861
7764425
1675296124
3916381133