36141
36041
35775
33235
35479
34584
34606
34450
34439
34437
34037
34380
34341
34326
34231
34139
33985
33874
33818
33613
33446
33373
32906
33162
33149
33015
32685
32858
47232
32732
32635
32524
32529
32458
32308
17073
16280
31736
15579
32155
32105
31892
31731
31632
31492
31413
31076
30684
31128
31035
30808
30581
30243
29961
29664
29469
29376
29285
29208
29055
28857
28676
28553
28432
27743
27104
26737
26386
17910
25795
25587
25362
25234
25069
24368
23890
22273
21844
21489
20775
19386
18438
18203
17158
17065
17572
17447
17170
16390
16972
16922
16823
16821
15950
16693
16588
16516
16479
16391
16325
16305
16215
16202
16142
13392
16023
15971
13466
15753
15692
15695
15519
15675
15460
9092
14801
14502
14242
14120
13880
13754
13718
13399
13481