1028826
1029602
1029668
1033722
1037450
1045408
1055299
1078202
1080949
1080950
1080951
1081285
1086818
1090471
1090516
1090565
1092097
1097147
1098271
1098274
1139754
1140969
1158038
1290036
1374258
1374267
1376467
1459035
1474657
1527622
1577409
2093290
2551984
2708252
2972302
3271938
3271950
3271951
3271957
3271963
4640898
5808672
6340141
6340208
6340258
6340269
7075089
7076159
7135977
8330389
8330576
8330578
8570755
10468797
10678407
10678414
10678418
10678427
10831438
10860391
10907531
10907532
10907534
10907536
10907546
10907547
11123805
11123827
11188696
11453609
11647296
11647324
11913734
12001199
12230017
12467118
12562495
12908359
13038375
13038397
14127171
14405720
14861516
15054426
15133453
15395327
15470861
15726969
15858152
16132514
16469427
16984981
17407931
17407999
17408011
17735318
17902820
17903982
18265114
19000201
19398193
19959140
20264649
20416895
21272833
22432782
24677077
26297076
26423001
26673654
28455756
30381365
31102545
32205708
33090487
34186804
34248110
41403296
42070576
42632917
42900214
48894692
53037798
54928319
55302225
62742758
64446449
65417477
67250680
67571303
68268372
78026639
89171071
93746675
95337850
98347611
100290429
100290468
100981923
101006911
108147528
110295275
114693555
114693744
116693764
116777823
119802195
119934168
128206992
130900995
131917625
132720359
132809353
132809431
134087850
134683641
136759296
136803198
138761063
139618072
143628668
143634784
144507386
147987463
149639245
151787102
153059501
153957664
154415191
154842167
155503057
155503989
155504135
157361652
159199139
159203982
159711870
159712219
161110703
161260252
162372896
163490468
163490553
164174005
164174048
168167560
169285297
169286913
169287010
172309649
172309919
173624561
173624602
173624651
173624697
173624749
173748856
173748933
173748998
173752290
173781116
177084691
177424261
179260453
179532408
180516443
181245094
181434601
181434732
181587128
181651981
182774780
183468929
183808311
183808364
183808416
183808612
183834689
184750648
187808103
187848395
189963816
190247428
191273676
192459324
192477748
192740596
192777854
208660809
221250912
221263174
227694941
228449196
228590119
229747532
230759545
232489854
232491152
233253311
233705354
235319270
241544111
241671974
243558568
252580436
252753811
253489000
257540421
257842629
261826995
261827326
262400894
262669756
264611665
265132874
271014536
271408684
277477340
287039488
287457171
301933531
304085012
305888394
306567281
311450081
311450131
315353924
315588168
323417391
323418745
325752125
327317111
329021959
331486478
334102482
334103914
334106334
334107132
334107275
334107896
334661971
361312094
382880657
382880989
382881117
383071536
383223655
383223827
383507182
385889916
385892087
385892209
385892357
385892523
385895944
386188363
386663292
387877304
390969719
390970033
390970263
390970497
390970950
390972428
391012788
409746054
430064025
450557238
477856090
477858054
477858321
477858905
477859268
493478893
501755654
501761204
501937488
525262123
527364921
534503805
534505482
553870650
556820828
583721990
602021507
684303394
709229469
790979662
833772219
833773110
835065728
845451365
878940145
878941449
878942257
880453283
880469676
928840419
968187321
1132912305
1241215079
1241222060
1469728415
1483720409
1483721076
1665629400
1678360019
1704499641
1743931596
1744027535
1772578399
1961941194
2222372594
2222383325
2222616227
2225778545
2274712559
2525917083
2568799765
2606177838
2738532568
2845812591
2910028689
3154654707
4790783586
5546374639
5717139049
5731052645
5731053584
5731054790
5731056029
5731057209
5731975339
5944293644
5944299057
5944299950
6462275954
7781687598
8199693419
8770132654
8835824672
11703000100
15054110920
15356489441